fields: total iterations, correct answers, error rate, noise (dB), max adds, max comparisons, max total, upper bound
emulating RM_6_2:
1918 1418 0.739312 0 12045 37543 49588 66824
4957 4457 0.899133 1 12056 38136 50192 66824
23773 23273 0.978968 2 12172 38112 50284 66824
emulating RM_6_3:
783 283 0.36143 0 14629 74879 89508 212799
1474 974 0.660787 1 14618 75290 89908 212799
4721 4221 0.89409 2 14930 75185 90115 212799
emulating RM_6_4:
539 39 0.0723562 0 979 2503 3482 4117
597 97 0.162479 1 970 2510 3480 4117
913 413 0.452355 2 970 2524 3494 4117
