2 100000 11891 -2
2 100000 16224 -1.7
2 100000 22539 -1.4
2 100000 30214 -1.1
2 100000 39147 -0.8
2 100000 50082 -0.5
2 100000 61193 -0.2
2 100000 71809 0.1
2 100000 81606 0.4
2 100000 89248 0.7
2 100000 94474 1
2 100000 97472 1.3
2 100000 99103 1.6
2 100000 99728 1.9
2 100000 99926 2.2
2 100000 99992 2.5
2 100000 99999 2.8
2 100000 100000 3.1
2 100000 100000 3.4
2 100000 100000 3.7
2 100000 100000 4
2 100000 100000 4.3
2 100000 100000 4.6
2 100000 100000 4.9
2 100000 100000 5.2
2 100000 100000 5.5
2 100000 100000 5.8
2 100000 100000 6.1
2 100000 100000 6.4
2 100000 100000 6.7
2 100000 100000 7
