1 100000 11447 -2
1 100000 15990 -1.7
1 100000 21804 -1.4
1 100000 29239 -1.1
1 100000 38423 -0.8
1 100000 48556 -0.5
1 100000 59472 -0.2
1 100000 70502 0.1
1 100000 80258 0.4
1 100000 88157 0.7
1 100000 93747 1
1 100000 97097 1.3
1 100000 98883 1.6
1 100000 99659 1.9
1 100000 99900 2.2
1 100000 99977 2.5
1 100000 99997 2.8
1 100000 99999 3.1
1 100000 100000 3.4
1 100000 100000 3.7
1 100000 100000 4
1 100000 100000 4.3
1 100000 100000 4.6
1 100000 100000 4.9
1 100000 100000 5.2
1 100000 100000 5.5
1 100000 100000 5.8
1 100000 100000 6.1
1 100000 100000 6.4
1 100000 100000 6.7
1 100000 100000 7
