0 100000 7312 -2
0 100000 10322 -1.7
0 100000 14058 -1.4
0 100000 19036 -1.1
0 100000 25464 -0.8
0 100000 33205 -0.5
0 100000 42072 -0.2
0 100000 51771 0.1
0 100000 61722 0.4
0 100000 71482 0.7
0 100000 80058 1
0 100000 86856 1.3
0 100000 92109 1.6
0 100000 95575 1.9
0 100000 97808 2.2
0 100000 99002 2.5
0 100000 99593 2.8
0 100000 99884 3.1
0 100000 99966 3.4
0 100000 99992 3.7
0 100000 99997 4
0 100000 100000 4.3
0 100000 100000 4.6
0 100000 100000 4.9
0 100000 100000 5.2
0 100000 100000 5.5
0 100000 100000 5.8
0 100000 100000 6.1
0 100000 100000 6.4
0 100000 100000 6.7
0 100000 100000 7
