1 100000 52507 -2
1 100000 57086 -1.7
1 100000 61867 -1.4
1 100000 66821 -1.1
1 100000 71127 -0.8
1 100000 76014 -0.5
1 100000 80713 -0.2
1 100000 85013 0.1
1 100000 88535 0.4
1 100000 91971 0.7
1 100000 94639 1
1 100000 96585 1.3
1 100000 98010 1.6
1 100000 98942 1.9
1 100000 99433 2.2
1 100000 99768 2.5
1 100000 99917 2.8
1 100000 99974 3.1
1 100000 99992 3.4
1 100000 99998 3.7
1 100000 100000 4
1 100000 100000 4.3
1 100000 100000 4.6
1 100000 100000 4.9
1 100000 100000 5.2
1 100000 100000 5.5
1 100000 100000 5.8
1 100000 100000 6.1
1 100000 100000 6.4
1 100000 100000 6.7
1 100000 100000 7
