0 100000 49573 -2
0 100000 53630 -1.7
0 100000 58278 -1.4
0 100000 62932 -1.1
0 100000 67981 -0.8
0 100000 72422 -0.5
0 100000 77159 -0.2
0 100000 81295 0.1
0 100000 85533 0.4
0 100000 89251 0.7
0 100000 92115 1
0 100000 94628 1.3
0 100000 96567 1.6
0 100000 97972 1.9
0 100000 98875 2.2
0 100000 99458 2.5
0 100000 99713 2.8
0 100000 99893 3.1
0 100000 99959 3.4
0 100000 99991 3.7
0 100000 99996 4
0 100000 99999 4.3
0 100000 99999 4.6
0 100000 100000 4.9
0 100000 100000 5.2
0 100000 100000 5.5
0 100000 100000 5.8
0 100000 100000 6.1
0 100000 100000 6.4
0 100000 100000 6.7
0 100000 100000 7
