2 100000 52626 -2
2 100000 56913 -1.7
2 100000 61394 -1.4
2 100000 66250 -1.1
2 100000 71078 -0.8
2 100000 76013 -0.5
2 100000 80670 -0.2
2 100000 84917 0.1
2 100000 88899 0.4
2 100000 91905 0.7
2 100000 94491 1
2 100000 96522 1.3
2 100000 97955 1.6
2 100000 98894 1.9
2 100000 99475 2.2
2 100000 99782 2.5
2 100000 99929 2.8
2 100000 99968 3.1
2 100000 99993 3.4
2 100000 99998 3.7
2 100000 100000 4
2 100000 100000 4.3
2 100000 100000 4.6
2 100000 100000 4.9
2 100000 100000 5.2
2 100000 100000 5.5
2 100000 100000 5.8
2 100000 100000 6.1
2 100000 100000 6.4
2 100000 100000 6.7
2 100000 100000 7
