fields: total iterations, correct answers, error rate, noise (dB), max adds, max comparisons, max total, upper bound
106 6 0.943396 0 965 2501 3466 4117
120 20 0.833333 0.5 971 2482 3453 4117
122 22 0.819672 1 963 2461 3424 4117
155 55 0.645161 1.5 960 2433 3393 4117
192 92 0.520833 2 968 2461 3429 4117
48 28 0.416667 2.5 957 2388 3345 4117
71 51 0.28169 3 951 2420 3371 4117
149 129 0.134228 3.5 945 2373 3318 4117
349 329 0.0573066 4 963 2414 3377 4117
923 903 0.0216685 4.5 959 2432 3391 4117
2493 2473 0.00802246 5 976 2492 3468 4117
5740 5720 0.00348432 5.5 965 2434 3399 4117
47396 47376 0.000421977 6 972 2477 3449 4117
186553 186533 0.000107208 6.5 972 2471 3443 4117
1840541 1840521 1.08664e-05 7 976 2521 3497 4117
