fields: total iterations, correct answers, error rate, noise (dB), max adds, max comparisons, max total
410 310 0.243902 0 42050 35839 77889
589 489 0.169779 0.5 42050 35839 77889
1129 1029 0.088574 1 42050 35839 77889
2075 1975 0.0481928 1.5 42050 35839 77889
4033 3933 0.0247954 2 42050 35839 77889
1467 1457 0.00681663 2.5 42050 35839 77889
3016 3006 0.00331565 3 42050 35839 77889
22792 22782 0.00043875 3.5 42050 35839 77889
25829 25819 0.000387162 4 42050 35839 77889
284214 284204 3.51848e-05 4.5 42050 35839 77889
