fields: total iterations, correct answers, error rate, noise (dB), max adds, max comparisons, max total, upper bound
423 323 0.236407 0 12159 37630 49789 66824
673 573 0.148588 0.5 11954 37308 49262 66824
1116 1016 0.0896057 1 12097 37632 49729 66824
1831 1731 0.054615 1.5 12029 37749 49778 66824
4695 4595 0.0212993 2 12320 38756 51076 66824
935 925 0.0106952 2.5 12045 37926 49971 66824
4849 4839 0.00206228 3 12134 38503 50637 66824
10855 10845 0.000921234 3.5 12228 38893 51121 66824
53439 53429 0.000187129 4 12235 39059 51294 66824
205889 205879 4.85699e-05 4.5 12327 39489 51816 66824
