fields: total iterations, correct answers, error rate, noise (dB), max adds, max comparisons, max total
11 1 0.909091 0 2776 2223 4999
10 0 1 0.5 2776 2223 4999
11 1 0.909091 1 2776 2223 4999
11 1 0.909091 1.5 2776 2223 4999
20 10 0.5 2 2776 2223 4999
20 10 0.5 2.5 2776 2223 4999
31 21 0.322581 3 2776 2223 4999
93 83 0.107527 3.5 2776 2223 4999
182 172 0.0549451 4 2776 2223 4999
554 544 0.0180505 4.5 2776 2223 4999
879 869 0.0113766 5 2776 2223 4999
2862 2852 0.00349406 5.5 2776 2223 4999
21242 21232 0.000470765 6 2776 2223 4999
93260 93250 0.000107227 6.5 2776 2223 4999
1802563 1802553 5.54766e-06 7 2776 2223 4999
