fields: total iterations, correct answers, error rate, noise (dB), max adds, max comparisons, max total
30 10 0.666667 0 165040 158719 323759
50 30 0.4 0.5 165040 158719 323759
44 24 0.454545 1 165040 158719 323759
99 79 0.20202 1.5 165040 158719 323759
153 133 0.130719 2 165040 158719 323759
490 470 0.0408163 2.5 165040 158719 323759
1071 1051 0.0186741 3 165040 158719 323759
4049 4029 0.00493949 3.5 165040 158719 323759
15161 15141 0.00131917 4 165040 158719 323759
89974 89954 0.000222286 4.5 165040 158719 323759
333124 333104 6.00377e-05 5 165040 158719 323759
