fields: total iterations, correct answers, error rate, noise (dB), max adds, max comparisons, max total, upper bound
159 59 0.628931 0 14497 74270 88767 212799
219 119 0.456621 0.5 14499 74896 89395 212799
331 231 0.302115 1 14800 75860 90660 212799
508 408 0.19685 1.5 14550 74974 89524 212799
1018 918 0.0982318 2 14540 74498 89038 212799
282 272 0.035461 2.5 14424 73411 87835 212799
554 544 0.0180505 3 14374 74044 88418 212799
1217 1207 0.00821693 3.5 14496 74483 88979 212799
8877 8867 0.00112651 4 14632 76021 90653 212799
32878 32868 0.000304155 4.5 14615 75275 89890 212799
138091 138081 7.2416e-05 5 14732 75461 90193 212799
