fields: total iterations, correct answers, error rate, noise (dB), max adds, max comparisons, max total
165 132 0.2 0 42370 35839 78209
153 120 0.215686 0.5 42370 35839 78209
390 357 0.0846154 1 42370 35839 78209
692 659 0.0476879 1.5 42370 35839 78209
1410 1377 0.0234043 2 42370 35839 78209
2909 2876 0.0113441 2.5 42370 35839 78209
9859 9826 0.0033472 3 42370 35839 78209
48807 48774 0.000676133 3.5 42370 35839 78209
202670 202637 0.000162826 4 42370 35839 78209
1071637 1071604 3.0794e-05 4.5 42370 35839 78209
