fields: total iterations, correct answers, error rate, noise (dB), max adds, max comparisons, max total
16 6 0.625 0 166274 159743 326017
25 15 0.4 0.5 166274 159743 326017
21 11 0.47619 1 166274 159743 326017
56 46 0.178571 1.5 166274 159743 326017
91 81 0.10989 2 166274 159743 326017
222 212 0.045045 2.5 166274 159743 326017
575 565 0.0173913 3 166274 159743 326017
1475 1465 0.00677966 3.5 166274 159743 326017
7521 7511 0.00132961 4 166274 159743 326017
26662 26652 0.000375066 4.5 166274 159743 326017
158427 158417 6.31206e-05 5 166274 159743 326017
