fields: total iterations, correct answers, error rate, noise (dB), max adds, max comparisons, max total
23 3 0.869565 0 3106 2175 5281
22 2 0.909091 0.5 3106 2175 5281
31 11 0.645161 1 3106 2175 5281
28 8 0.714286 1.5 3106 2175 5281
31 11 0.645161 2 3106 2175 5281
49 29 0.408163 2.5 3106 2175 5281
86 66 0.232558 3 3106 2175 5281
148 128 0.135135 3.5 3106 2175 5281
226 206 0.0884956 4 3106 2175 5281
900 880 0.0222222 4.5 3106 2175 5281
1884 1864 0.0106157 5 3106 2175 5281
13152 13132 0.00152068 5.5 3106 2175 5281
44092 44072 0.000453597 6 3106 2175 5281
172075 172055 0.000116228 6.5 3106 2175 5281
1972424 1972404 1.01398e-05 7 3106 2175 5281
